0.43607066380495674 0.31684148356435815 0.31298356179895565 0.31803067341644814 0.0
0.16219135086322972 0.161405380448998 0.11221032816857532 0.3290954792482069 0.0
0.29299450214296424 0.1313980415028675 0.0 0.1589225859954837 0.0
-0.38862421875 0.0 0.1259473263403158 -0.3803960528721096 0.0
0.5383130612125124 0.38553664406523336 0.42461311850863465 0.4553726609473355 0.0
0.0 0.0 0.0 0.0 0.0
-0.490420185783301 0.09424226677831549 0.12183208101626963 0.43329423664202626 0.0
0.0 0.0 0.0 0.0 -0.998046875
0.4429888504803736 0.6512838567857797 0.46600150613941194 0.31183389235056075 0.0
0.5630124727897783 0.7616003376605851 0.33143173390128167 0.5543199906151342 0.0
0.5102508939352121 0.8832698288338299 0.5615710800886214 0.4461427293878536 0.0
0.0 0.0 0.0 0.0 1.0
